-6.158895000000000231e+00
-2.220002600000000115e+01
-1.935755100000000084e+01
2.876380299999999934e+01
4.377989800000000287e+01
6.444643899999999803e+01
6.485838800000000504e+01
-1.275473000000000079e+00
-1.423732200000000070e+01
3.247285399999999811e+01
5.624812000000000367e+00
-4.161581600000000236e+01
9.739015700000000209e+01
-9.951047000000000864e+00
-1.273579000000000017e+00
3.287626600000000110e+01
3.061468299999999942e+01
8.464514099999999530e+01
-6.634109200000000328e+01
9.866903000000000645e+00
-7.724285000000000068e+00
3.917135799999999790e+01
4.381013999999999697e+01
-2.831937800000000038e+01
-2.764977100000000121e+01
3.148743500000000139e+01
1.656255499999999969e+01
1.468971100000000085e+01
5.694155599999999851e+01
1.571690700000000085e+01
2.504537099999999938e+01
-1.226238000000000028e+01
1.364360100000000031e+01
-8.466598000000000468e+01
6.869963300000000572e+01
6.398983000000000310e+00
-2.321272899999999950e+01
2.886667699999999925e+01
6.464739999999999931e-01
-1.138666300000000042e+01
-1.163677519999999959e+02
4.240417500000000217e+01
3.423739700000000141e+01
4.361921600000000154e+01
6.181430499999999739e+01
4.048091600000000057e+01
4.980098300000000222e+01
4.695161900000000088e+01
1.018313299999999941e+02
2.720327299999999937e+01
7.336226899999999773e+01
-9.546561900000000378e+01
-8.856058000000000874e+00
-3.131397400000000175e+01
-3.531743800000000277e+01
2.441665400000000119e+01
-1.544538299999999964e+01
3.147206999999999866e+00
2.046040800000000104e+01
-3.453743599999999958e+01
-1.348235400000000084e+01
1.747384699999999924e+01
4.008760000000000101e-01
-7.976860000000000284e+00
3.542090000000000316e+01
3.750163999999999831e+00
4.736702300000000321e+01
-6.782062799999999925e+01
2.780230000000000201e-01
6.847444199999999626e+01
2.162029899999999927e+01
-1.174873099999999937e+01
8.249090999999999951e+00
-1.355366199999999921e+01
3.174062999999999857e+00
1.223235900000000065e+01
5.681844900000000109e+01
-5.961608900000000233e+01
-8.142160999999999760e+00
-6.542360000000000397e-01
5.011828200000000066e+01
1.301642490000000123e+02
-6.223317999999999905e+00
-8.364340000000000108e-01
-1.177206999999999937e+01
3.058884000000000114e+01
2.996620300000000015e+01
3.410904500000000183e+01
-1.530982000000000021e+01
1.707155300000000153e+01
3.805704500000000223e+01
4.139086999999999961e+00
-3.092295899999999875e+01
8.055437100000000328e+01
1.527757899999999935e+01
1.511366800000000055e+01
-6.230489999999999640e-01
1.022959570000000014e+02
-2.505815300000000079e+01
2.374478099999999969e+01
