1.599496608032877809e+01
2.181921001017258988e+01
3.703994570492755045e+00
1.243972297754189071e+01
1.265774595293969007e+01
2.135331822471896146e+01
5.164084847428747516e+00
5.446557152974449423e+00
1.205620631663881603e+01
2.156142391102973477e+01
1.505359108078885200e+01
2.808530972345398169e+01
1.137921390842584657e+01
-5.715187716682375907e+00
2.418029276078728884e+01
1.065902594164631978e+01
1.074925175987089787e+01
1.017965080177015480e+01
1.276399612479110601e+00
2.532512388164598605e+01
5.530105139479379872e+00
8.735650998769804332e+00
1.878406724617723711e+01
6.021295065102769684e-01
-1.039321282007298564e+00
4.787023269228349420e+00
1.540197519413485594e+01
1.466607564157405896e+01
1.052081491111699307e+01
1.575638676735922417e+01
1.644630967426831702e+01
6.655114888375485371e+00
-1.088171652721666050e+01
-5.008410996392132830e+00
5.676075176777705344e+00
1.582530917456593755e+01
6.457818250622122669e+00
1.304282577254275211e+01
-3.851441952197518503e+00
1.598497173727971088e+01
1.455492615535392886e+01
2.179131369702358256e+01
2.113775201518350855e+01
7.366296907934404281e+00
-3.016559703277152948e+00
9.573834871352252307e+00
6.377858722021088056e+00
1.492451086606716437e+01
1.974823057002059201e+01
2.150935792625273990e+01
1.659765614632865294e+01
-2.679831485305598449e+00
1.146407314231997532e+01
8.910670113051946117e+00
1.837121060150550989e+01
1.209479246718335332e+01
6.627732108830711510e+00
6.307657497935763580e+00
3.248243585760290131e+01
3.009515554654045744e+00
6.880255911861925533e+00
1.270149844771006720e+01
1.514439382877207585e+01
7.688477115647092575e+00
8.137301115130263440e+00
1.841908030830133214e+01
1.658007951857113582e+01
1.222577829822295747e+01
1.786688429488183516e+00
1.523009548224178999e+00
1.039683399414995435e+01
-4.280763338975230425e+00
1.105865370638270306e+01
3.605731704589093312e+00
1.666652833906832853e+01
1.951026167521347432e+01
1.272242824345581447e+01
9.525490507590482991e+00
2.073306654432008855e+01
8.490662329960780852e+00
7.127967326927443281e+00
9.845480217080547547e+00
6.925639312235158940e+00
3.063803757329710109e+01
-1.257355142496448863e+00
9.292996916756125714e+00
8.914235870641395110e+00
1.811930780851032097e+01
2.403522170070191066e+01
2.234798026478447142e+01
1.107177687956058776e+01
3.143374219015710480e+01
4.631235494670161046e+00
1.482467918074208768e+01
1.460240279486212067e+01
6.042168773392479153e+00
2.599195384973921108e+00
1.724149569458428033e+01
1.264026024210344978e+01
-4.984999169560371257e-01
-3.404564943916074782e+00
2.047107416444188743e+01
-5.878644894536304122e+00
1.478371229208831394e+01
1.782011327754914376e+01
5.628209333624687893e+00
-2.785807206279342196e+00
7.739103320074436354e+00
2.305562608388267165e+01
4.016087874962869009e+00
8.027915148825371716e+00
1.089775056897065042e+01
-7.625825623038124945e+00
-5.154549891785151772e-01
5.523004515923178204e+00
1.616274443050004095e+01
8.831189530283154454e-01
1.995515588881517743e+01
3.443011752288327898e+00
9.997934030171268915e+00
8.776705396607836107e+00
1.207783499505084457e+01
1.816091194103503170e+01
2.322430890493668088e+01
8.580512344043842887e+00
1.452507209637333396e+01
-4.412158519522964895e+00
-1.872954882969914081e+00
-2.294167361178004683e+00
1.100698451075737694e+01
1.450170952773979494e+01
2.936093344036237340e+00
1.610958227814432320e+01
1.120469168901997392e+01
-6.115239913574651354e+00
1.851669096698892858e+01
-5.781092955845146264e+00
2.236001465311161951e+01
2.534727379451059193e+01
1.554164947163501509e+01
1.893445385014246085e+01
1.573779377498327747e+01
8.079143363544169176e+00
2.999252499901344748e+01
4.883023677147734887e+00
3.808845453345652032e+01
3.566493183253882648e+00
-8.484464909274969102e-02
1.826259674478442463e+01
-8.072857999251432659e-01
2.140867911746923369e+01
7.382556196658038417e+00
2.912070940435870270e+01
1.599374689231040492e+01
1.425236705743150267e+01
4.460929397802981811e+00
4.721767593031595212e+00
9.449031736237385459e+00
1.604280855358820901e+01
1.879193474604388925e+01
-2.875128741986930692e+00
-5.826459689199417369e+00
1.332582231271123518e+01
1.611691798286143751e+01
1.627137327167628555e+01
7.578366843776866979e+00
-4.738652006147731299e+00
9.757437168106662284e+00
1.812495412882998380e+01
2.157719579331060444e+01
1.135250487508769979e+01
3.155797377109200497e+00
1.734657850465227114e+01
3.719430501309897608e+00
7.080324972673897932e+00
-1.206702391289838872e+01
1.011298786858641741e+01
1.689123372423883040e+01
2.456729930606001489e+01
2.050465716885975809e+01
-1.418135029486961685e+00
1.552408427995190010e+01
2.702483448124827703e+01
1.513339603911102671e+00
1.448327564195403738e+01
3.126249107587286247e+01
2.569505960248109488e+01
1.243744887231555829e+01
2.187740806342238287e+01
-2.465609103674424318e+00
-1.063136413812872050e+01
2.648397689010213085e+01
-2.426228729896765302e+00
1.120578509576155035e+01
1.889971606106984225e+00
1.928640883883980095e+01
2.211991899092599567e+01
1.572858828542136145e+01
1.201690676301219263e+01
2.897266049861169890e+01
7.222290449888653541e+00
9.327788757004299214e+00
-4.205387870989419241e+00
1.472323744903163956e+01
4.603562284759025403e+00
2.355494015753703962e+01
3.614165533674823294e+00
1.811624093718555883e+01
-1.294710438456375812e+01
1.957172993913262715e+01
1.826460362473394383e-01
1.783820258313481588e+01
2.389063716537406989e+01
1.036362549684916345e+01
2.872430906426615138e+00
1.641597593412682698e+01
5.443196980576773925e+00
3.560759419880565702e+01
2.079439153072959101e+01
2.295073774013919987e+01
1.965330663842878067e+01
8.944052811686692195e+00
-1.849199517742113130e+01
-5.178780500567281564e+00
1.252844524212710731e+01
1.651521947324263451e+01
1.094425753475976393e+01
1.801049772596244480e+01
1.013452042304549394e+01
2.675906313541598536e+01
2.520842226838723832e+01
1.050911400284799413e+01
1.586333739994570813e+01
2.486937967931240578e+01
5.692314004656363835e+00
8.968870172345333458e-01
1.744975150151315546e+01
1.547778049581456550e+01
1.139041418615576617e+01
1.633669705191152133e+01
9.016888679808253926e+00
1.232379121993476723e+01
2.296091779304170188e-01
2.756199739335680476e+01
2.164412392269093033e+01
1.480720981631694855e+01
2.952302093627514168e+01
-2.854060938416640880e+00
2.271934761273504577e+00
1.902249001858572086e+01
7.163039349787267085e+00
2.568835514881684645e+01
1.365727733114934672e+01
1.747448694427504279e+00
2.709858231645918636e+01
9.331316742830033206e+00
3.389288914150426990e+00
1.893789110495470140e+01
2.027438358445238720e+01
1.107813265242950962e+01
1.741181148029069803e+01
1.916118814521151492e+01
1.334270455908645481e+01
-3.712654149258067804e+00
9.082862858717319909e-01
4.276617423189984279e+00
1.708561752045211790e+01
1.031655543063799385e+01
1.631051923313738428e+01
5.151209637402530461e+00
1.101652563125523443e+01
1.787028235103810303e+01
1.684026682543392894e+01
2.078689532573956811e+01
6.652353245769225154e+00
1.616816169159664796e+01
-1.468587493879111250e+00
2.050618615457411309e+01
2.078656743136986407e+01
2.626361230292262405e+01
-6.958678152657462590e+00
3.888102631357865491e+00
-5.529788245014113812e+00
1.774383824320279146e+01
2.345549422317639099e+01
3.340917726651561281e+00
-1.128302501714427919e+00
2.093456173301495582e+01
-5.093789527002613227e+00
2.774136326927697382e+01
4.268939005058530967e+00
1.749965998331253658e+01
1.343994951088166800e+01
-2.935114252530786061e+00
2.193813432004827391e+01
1.505078373298341887e+01
-1.382490375806811045e+01
1.721415173550173350e+01
1.379320943536466437e+01
6.220573113312950930e+00
1.732532564178241685e+01
1.599863776506115087e+01
4.503742420439582617e+00
8.880694240976588105e+00
1.509532378644938611e+01
1.354705598998191007e+01
3.012341951844341637e+01
9.878709635512478826e+00
2.469178927091851250e+01
1.464129736174839991e+01
1.869870078607531028e+01
1.339267070015055516e+01
1.013385662557870859e+01
1.144434580429160953e+01
5.668344135176173637e+00
8.380027249290090907e+00
8.471832481180410213e-01
1.837110850781808580e+01
7.033086723714903954e+00
9.581450132743803749e+00
1.689080731045169870e+01
1.200910918915282366e+01
2.197291152210133447e+01
1.462331259417615215e+00
1.646755286390659379e+01
1.998670076129937456e+01
1.409185065086296973e+01
2.340417168288374228e+01
2.957575674039658509e+01
1.791816483281577632e+01
3.489490292380465064e+01
2.278302249111892408e+01
9.971719902799463853e+00
-3.833216889247299974e+00
1.181338719729791187e+01
1.308159051827760422e+01
3.983676609120575307e+00
6.643058547880588804e+00
2.633086089743107294e+01
9.670550149805933415e+00
1.245518831433560258e+01
1.943006286474139088e+00
2.191117453054462416e+01
3.624484656691748086e+01
2.268874968107560264e+01
-9.529960412727895402e+00
1.507788689030004114e+01
2.043712373397058712e+01
1.067746007506428008e+01
-2.971753573302221341e+00
2.243520948299141082e+01
3.650903184958581349e+00
6.460508777162915273e+00
7.492733213034945550e-01
-7.101816219437910860e-01
2.842747074135623109e+01
1.741728718730367831e+01
3.406699789393276490e+01
1.119670894011640705e+01
8.229028194156725817e+00
-8.266759352264973160e+00
1.190564771840144331e+01
1.551854895240636090e+01
2.021995699268692093e+01
1.671574937176360720e+01
2.163937355704732113e+01
5.110944663879145367e+00
-5.807119816187796602e+00
-5.449227307993208314e+00
1.266268382389866076e+01
1.691911337875376020e+01
7.028878838194930978e+00
1.689700335240222984e+01
1.902708740201243387e+01
2.959591057242888823e+01
5.215129863463879190e+00
1.664906029615639937e+00
3.422940721925511909e+00
1.535928550839538431e+01
2.550534694225767396e+01
8.141866120114626071e+00
1.432988474428888992e+01
1.585374994715405883e+01
1.711781569470697306e+01
1.257194544488116961e+01
2.364667283771909467e+01
1.809240214379726552e+01
-4.662083558539350747e+00
3.962713884533876296e+00
3.799296717144970614e+01
2.024580611940757890e+01
1.512048348667476461e+01
8.381041912604104027e+00
8.821078953916575927e+00
-1.896907345592653016e+01
1.664273218361890372e+01
1.775808833029820022e+01
2.630760935751344931e+01
1.968265943697511489e+01
8.158666513613367144e+00
2.869798961078984689e+00
1.749602717447723776e+01
1.477068192422171045e+01
3.048444528903637263e+01
8.300877842980838750e+00
2.605753182097752330e+01
1.976914231402374611e+01
2.505208284688948339e+01
2.021891431646601589e+01
1.422143369653758427e+01
1.626836940178124635e+01
-3.093703889934957374e+00
4.190144824369047782e+00
7.607632927181702698e+00
3.741540355683156349e+00
2.243218758847854133e+01
-2.068944204173353896e+00
1.888002769445236950e+01
2.271509637043905983e+01
9.375382012157601253e+00
3.664222342215129657e+00
4.920415922850031265e+00
3.048300357026853291e+01
2.590772349858738721e+01
1.108833507926805950e+01
1.128467220767607593e+01
2.041792845539318080e+01
7.797940910507238144e+00
1.093740331647864217e+01
1.646115881266776526e+01
3.397290931939203773e+01
4.469306409814809200e+00
1.415224232636097312e+00
1.079295279602568591e+01
2.352426930982742448e+01
2.706569993127875051e+01
2.020726665362530738e+01
1.658303387736724943e+01
1.673803007410224097e+01
1.033245240445145186e+01
3.123851789618985464e-01
2.322339680735620959e+01
2.285378341212506825e+01
2.924382999225123569e+00
1.227235871167799175e+01
2.501836519229659928e+01
8.821494451109590074e+00
1.332836581836137491e+01
1.365793833258040380e+01
2.560937444585038847e+01
1.565145004416902452e+01
1.967243112194873689e+01
4.286749554131111140e+00
1.787042984250346933e+01
-1.203463079249258882e+00
2.997372420297688578e+00
1.480859132178542481e+00
4.329953601109041372e+00
2.062617755708762957e+01
1.535363709378555797e+01
1.051338937063093937e+01
1.903318146350769524e+01
2.145289461796451036e+01
1.143547240497462703e+01
2.136634102802908330e+01
1.179064723812743765e+01
2.462360331078996722e+01
2.237539365132366953e+00
2.180498439746547135e+01
1.256858560679944858e+01
2.015623118604214170e+01
1.299342825415899583e+01
1.682800246997475568e+01
2.589893879318528036e+01
3.174622698918469865e+01
2.755601342185298464e+01
1.112474640062358233e+01
2.626714188119515825e+01
2.055777933197973795e+01
6.075830933120908384e+00
2.141244951499833959e+01
9.192345472995246070e+00
3.131160486447136648e+01
1.718812032491132769e+01
4.356813144010892813e+00
1.908583562267833855e+01
3.314225593092375277e+01
-7.664528718366959481e+00
1.409052542678414355e+01
2.757542885734802951e+01
1.008803180629035090e+01
3.217470576991452447e+01
2.117734781424841373e+01
1.393159508242918676e+00
1.811369817158320927e+01
1.547980362167244905e+01
8.760937925212317623e+00
1.775419808629003882e+01
2.059828716173026919e+01
-3.116519861515421042e-02
7.837566607737733726e+00
3.984464125106303101e+00
3.288871367434738602e+01
1.825481510099762872e+01
1.064591997439259430e+01
2.255139827171693057e+01
2.308157192681630576e+01
-6.269610700346643029e+00
1.559145307836550387e+01
9.159020460485059800e+00
4.231097230994070202e+00
9.641412250022428410e+00
6.761314068548625933e+00
2.008805790479353703e+01
2.238156957638268807e+01
2.582024515903540873e+01
1.528911675184203034e+01
-5.628112223416223969e+00
2.875855532232378664e-01
-2.010312191377428448e+00
-8.108317178320376684e+00
1.196858217582972017e+01
2.182184303349365706e+01
1.946935492425689418e+01
1.708738723185525998e+01
2.412106558059080896e+01
1.624387718896738164e+01
-3.328915811016969428e+00
2.302608517381248987e+01
1.544394984749130550e+01
6.646086192735115361e+00
-1.144442751564414706e+01
-1.700354718749791161e+00
1.454210361471569080e+01
1.476919318653377644e+01
2.824364118349785713e+01
-2.760221159654371093e+00
-1.679219929399392797e+00
2.507187643870256011e+01
2.876839583955216995e+00
5.655819452321390273e+00
7.921990432028533924e+00
2.099918738321544254e+01
1.129993745215529799e+01
1.543001606082771815e+01
2.519717788043386264e+01
8.122561970621767102e+00
2.002799729646621785e+01
1.653015242286617337e+01
1.542003580106741722e+01
2.768612314205336489e+00
7.202763589585006621e+00
5.837156347138360957e+00
5.923472202350976268e+00
2.403161211275815035e+01
6.430674154930428266e+00
2.146964213953365430e+01
1.343434414998993631e+01
1.225550862774088934e+01
1.208283913643613339e+01
7.176180510080979680e+00
1.871386142329075852e+01
1.940558116174510772e+01
1.620383836881021367e+01
-1.630831639237655395e+00
1.991360547339810694e+01
7.123426158276286557e+00
9.562945544133576448e+00
1.871288386167323381e+01
3.222473206137004809e+01
-7.533110604630518736e+00
1.758864789467232370e+01
1.723769990970892962e+01
1.518826964289854864e+01
2.296456383212169072e+01
1.037979203622209212e+01
2.313385715708243850e+01
1.158338649362634598e+01
1.624792955064514643e+01
-3.728604306836921012e+00
4.194463064538790320e+01
1.462903850597098554e+01
8.560261023325459462e+00
2.330104136932397552e+01
2.357739080075023352e+01
8.025504301259687168e+00
8.990339501260626420e+00
5.022691765200606895e+00
2.348129826979772261e+01
1.117548613821225167e+01
1.659232533516527752e+01
1.609580636878781945e+01
1.086439070293370790e+01
6.873278805087965182e+00
9.039329395175226267e+00
2.632939401602531504e+01
3.389439822790478729e+01
1.737313448161740581e+01
1.460822803063184594e+01
3.522300459086682167e+01
1.349391835399788064e+01
2.657856728669214874e+01
5.731068113346839965e+00
1.752338449536332732e+01
8.064078218415499322e+00
2.640216904121506758e+01
-5.090405172269910850e+00
2.164141127935160114e+01
1.061895487474484412e+01
1.522134665591189773e+01
1.011869569849982753e+01
-8.059946895234521236e+00
-7.270928175774322710e+00
9.509472865554812415e+00
4.367256912956261061e+00
1.758623497535474201e+01
6.701343862534301365e+00
8.528862843817321959e+00
2.154535091725412599e+01
1.380199369332826365e+01
2.498204755199628835e+01
7.637241433964272019e+00
1.809866157055535396e+01
-4.224902569144255438e+00
3.197895293348002355e+01
1.389339361386833183e+01
3.183886563908248490e+01
7.930048697072541231e+00
4.762049631663268556e+00
1.776087550376436397e+01
6.225022956126162299e+00
3.205627340203182740e+00
-5.277582869993697301e+00
1.878979328304007979e+01
1.240808769211673557e+01
1.167765342705091847e+01
1.015040107698961158e+01
5.103665601478800440e+00
6.686292383246231985e+00
2.376706554409337002e+01
2.575803656853283741e+01
4.661047978648955592e+00
2.706935259414866124e+00
4.123905988102526265e+01
3.830049404431046867e+01
1.565400297206998914e+01
1.294907703278237676e+00
1.689158601899301004e+01
1.812629365015328986e+01
-1.948648590901992605e+00
1.640547577123823686e+01
2.784076599804237162e+00
1.794176926093087232e+01
1.669914899938483188e+01
9.827965381912081355e+00
1.218322193559961875e+01
3.932543077600455916e+01
7.730383986424619103e+00
9.406792831333810057e+00
7.323206466020702798e+00
1.274419558066383651e+01
2.723018514886071273e+01
2.988990765422186513e+01
3.407839572514160409e+01
1.156692027458370475e+01
-3.866176013474788675e+00
6.825184868683116690e+00
4.662244082411692858e+00
2.209799042459970053e+01
2.173976794532539003e+01
8.233821876252854111e+00
2.025486454099785760e+01
9.096520156784260180e+00
4.711616131359921411e-01
2.278976878381367754e+01
1.783596153089566627e+01
1.287789093800065388e+01
2.002858968424392927e+01
9.955414734200292770e+00
3.491362683037624492e+01
2.423667429160575182e+01
1.156004834634358502e+01
2.287797978082474515e+01
3.152453379770068409e+01
3.199077219097456037e+01
9.082353212803662146e+00
1.105027498573738853e+01
5.576541249440443160e+00
1.070106469377578229e+01
7.969713877705480343e+00
6.685453192104233722e-01
3.182170178583770692e+01
1.899372299804991826e+01
2.832980202838719208e+00
4.912733434039815883e+00
8.919275714246102993e+00
1.693653164782271148e+01
1.478300072339493454e+00
1.399560684485362216e+01
1.090096636017475440e+01
2.551141191413536546e+01
1.787359313878721068e+01
2.005823199676612134e+01
1.692372197888551355e+01
1.488070885116878372e+01
5.749626542720080558e+00
2.738059060099363151e+01
6.020332195238760065e+00
1.427031686637398344e+01
-3.196944795726093247e+00
3.280761275328504922e+01
-1.095752092938036171e+01
2.006627430032159864e+01
2.545580404753600590e+01
2.340846054188756042e+01
1.900964915051733328e+01
1.544422637487855354e+01
1.914067201152341369e+01
2.757036191668371217e+00
3.567464635699739972e+01
1.412058170869259044e+01
2.077163386175116244e+01
2.275625061264264559e+00
1.677716298773239956e+01
2.470797195035293470e+01
2.716147061622299574e+01
1.017391100463225584e+01
9.244858780960054645e+00
-2.784491301408458241e-01
2.587715177809435829e+00
9.798826326797716035e-01
1.381786121549952639e+01
2.449137747892695671e+01
9.823791443486069141e+00
1.855111467430223016e+01
-4.742697471494984995e+00
1.740784224257542689e+01
1.216246356510474413e+01
4.748571150060099555e+00
1.948177119015698011e+00
1.105732206974223786e+01
2.624913979683489273e+00
1.556392549434655059e+01
1.857105587315065520e+01
1.095478997604246452e+01
1.703756213256172103e+01
8.485940184421858490e+00
6.352238313009578974e+00
-2.370974599130203586e+00
1.250621489630603200e+01
1.338140041164186833e+01
1.230044558680273070e+00
1.393863427378001774e+01
7.535952748383957456e+00
6.847421343108397451e+00
7.641267792001221970e+00
3.984051112851100029e+00
4.112921138170707991e+01
-8.699324012831404218e+00
1.608570151446189200e+01
1.694523260736718484e+01
-1.727103727335443040e+00
2.835414008454737456e+00
1.078104671733360576e+01
1.580160576000845474e+01
9.655570428491571988e+00
2.463183908524180410e+01
-4.301754392091943657e+00
1.831240462411101788e+01
2.749522852219417146e+01
2.342013554617628301e+01
1.809966870551919271e+01
-3.095020729239656987e+00
1.358605226681835632e+01
1.794802057061037814e+01
2.210240011181279840e+01
1.677539693084149874e+01
2.381097575273178890e+01
6.497409876170939569e+00
1.336236658613313999e+01
1.928072017415841799e+01
1.146922097678252328e+01
1.382904243367372210e+01
-2.639805926916665157e-01
2.665013870100600002e+01
1.433870338180103943e+01
1.921898177217506998e-01
1.375757738807857145e+01
9.685540035525042057e+00
8.699770864877450549e+00
1.329835342999117742e+01
6.070956291926506765e+00
5.329934026451269347e+00
-3.794042974064407048e+00
2.317063629607251940e+01
1.672188671422754425e+01
1.199373126696433189e+01
2.717679158289920949e+01
1.642664457684421464e+01
1.602385309655034007e+01
2.596913617111036388e+01
1.379070389493949378e+01
2.334846092844600207e+01
9.217117066377920054e+00
1.475358549170226574e+01
1.089724248483265256e+01
1.152418331610706836e+01
1.461544492611244728e+01
1.926955064718064747e+01
2.558913248985271238e+01
2.419205008104485444e+01
9.679280248080919691e+00
7.161552366686915860e+00
1.849326052686080502e+01
1.487689968878981617e+01
1.509725955804485942e+01
1.677794223876678359e+01
2.917017094526246979e+01
4.664180518422188726e+00
1.437347762646503924e+01
1.810456338993767034e+01
1.576504007063681634e+01
2.980916953245135659e+01
7.831730795040156679e+00
2.437483868868436332e+01
2.970656943960054619e+01
1.668298725769253110e+01
9.831302341610285822e+00
8.180227942238328609e+00
1.211753870006178779e+01
1.465904579898301918e+01
7.654770444865288681e+00
4.936820936193481835e+00
2.095066348619178598e+01
1.886774908434279752e+01
1.309740978748538609e+01
5.529168525765198794e+00
6.031956002675862294e-01
-3.238069141721346966e+00
-9.217284643463177218e-01
2.354976532118886468e+00
1.232199214954980881e+01
2.061098655496020982e+01
-2.314984540843232352e+00
9.052769246179909857e+00
-9.011298055834330967e+00
2.983702900185515361e+01
1.203537975086529421e+01
1.169667384311360081e+00
1.861904709762354670e+00
-3.510263146328529871e+00
-8.499814139327103391e+00
2.141146607403489099e+01
-2.251902157557710282e+00
6.606498045852204015e+00
2.499879742552970541e+01
5.372080611894070046e-01
4.964967553367522157e+01
2.386723767666689611e+01
1.807363771878793557e+01
1.209037961294179020e+01
2.402044920843106723e+00
1.816723189547073503e+01
8.026271759390898097e+00
1.510973953432873884e+01
2.202228236122657279e+01
1.511421871047609500e+01
4.326009540471730475e+00
8.135078447038033289e+00
-1.802638149537994394e+00
7.579849258373909215e+00
-1.796122082290668942e+00
1.131664205926725408e+01
1.684206745549803586e+01
8.776331414242287465e+00
2.483757660708022996e+01
2.650260456190500236e+01
7.987261051553296021e+00
-1.355500232169294605e+00
1.782700730966828928e+01
7.529396412692786811e+00
4.798385116571186160e+00
1.690744316368291322e+01
2.933376154236878008e+01
9.912706211686705515e+00
2.657278867423144320e+01
1.064236471608587919e+01
2.803803286801785788e+01
2.542022217260170081e+00
1.332633078913193714e+01
-5.184420984761196394e+00
1.125348345811426221e+01
7.264254292930460544e+00
3.178199575178387803e+00
2.400543099706145256e+01
1.796543961437187775e+01
1.314275218620710284e+01
2.872896276333061394e+01
2.571513143666731338e+00
1.783802353025600240e+01
2.159200042367897865e+00
9.878407179713915909e+00
1.817889863382019300e+01
2.633161771003410934e+01
1.917867401685101925e+01
2.019659969291504709e+01
2.685514487607393619e+01
3.402480377414659074e+01
2.383232571227038932e+01
4.212919186642182012e+00
1.592994519464784631e+01
4.939515662328744838e+00
1.828798752860552312e+01
8.976312814387449990e+00
8.005593424569308780e+00
7.830566499434960193e+00
3.316410708645690875e+01
2.562919750425854204e+01
1.970504958422155184e+01
1.886051887158768281e+01
1.414928414489024178e+01
6.007505451925488238e+00
1.749641449231093659e+01
1.397458882292970728e+01
1.200824925878122329e+01
2.755270257548501789e+01
1.878601970338677418e+01
1.727439386453514203e+01
1.888194761006044331e+01
-8.871398548597433376e-01
8.692305421064046911e+00
2.539102461365119012e+01
2.639259802015472189e+01
9.776933117158590036e+00
2.207126807505925470e+01
1.767203877141354695e+01
1.012113713286154493e+01
1.767801620540817709e+01
1.495800747968771027e+01
2.790898820645724143e+01
6.144839198558788240e+00
2.607652428221617313e+01
1.814852848479721104e+01
-6.816703780220827014e+00
1.088167513489733018e+01
3.810300622192581699e-01
3.407343043668522142e+00
1.937853242150588784e+01
2.001984631054336816e+01
1.677232204759632239e+01
1.042869403519424054e+01
7.454531031482320103e+00
4.882777561132538580e+00
4.460609112756813488e+00
1.497825530055317067e+01
1.163118490880399492e+01
-2.312483455278460553e+00
7.540860383260237221e+00
4.551653651034635928e+00
1.441864871961006678e+01
6.577190392184224521e+00
7.213115512430183784e+00
-9.329729172864880127e-01
7.083849630809595510e+00
2.186041888220218254e+01
7.656475018859541848e+00
1.219851626680764944e+01
-3.358879215312537525e+00
1.961665851039854047e+01
6.526782569709514981e+00
2.674963854161306998e+00
1.528985999803981954e+01
4.344871589883753771e+00
1.882531743538338986e+01
6.328160947203720355e+00
-5.023063723126973912e+00
1.846235153917173477e+01
7.540935407510414024e+00
2.135595682407638662e+01
1.492411169502501878e+01
1.892508349886118424e+01
1.543425910680813296e+01
2.397199159654077150e+00
2.491920336184626450e+01
3.473386188534257712e+01
1.070166961980777387e+01
2.368847619851882769e+01
2.519319784869498591e+01
1.454704769802350484e+01
8.414837543983569645e+00
2.177571629483755089e+01
1.598925402746524327e+01
1.272876524688719790e+01
1.599863690748239442e+01
1.381085537294362098e+01
1.584198512149673022e+01
9.238406726263384883e+00
-1.109491584836165501e+00
2.719982502768043986e+00
1.718962872784029372e+01
